
! C60 buckyball example. This example has high memory and time requirements and
! employs iterative diagonalisation.

! Remember to set
!   export OMP_NUM_THREADS=n
!   export OMP_NESTED=true
! where n is the number of available processors.

tasks
  0

! use iterative diaongalisation
tseqit
 .true.

! molecule calculation
molecule
 .true.

! automatic determination of muffin-tin radii
autormt
 .true.

! use a small energy cut-off
rgkmax
  4.0

sppath
  '../../species/'

atoms
   1                                    : nspecies
'C.in'                                  : spfname
  60                                    : natoms; atpos, bfcmt below
  4.20790955  1.12423579  5.07240250    0.00000000  0.00000000  0.00000000
  5.92255243  0.30577656  3.09053347    0.00000000  0.00000000  0.00000000
  2.53625794 -0.58931105  6.15449739    0.00000000  0.00000000  0.00000000
  5.89150423 -2.19125067  2.27598598    0.00000000  0.00000000  0.00000000
  6.07911622 -2.76287388 -0.40300296    0.00000000  0.00000000  0.00000000
  6.14208189  2.34350589  1.26288498    0.00000000  0.00000000  0.00000000
  6.32168145  1.79658139 -1.30022597    0.00000000  0.00000000  0.00000000
  6.28972619 -0.81331917 -2.15152863    0.00000000  0.00000000  0.00000000
 -0.85451519  2.59699373  6.10424958    0.00000000  0.00000000  0.00000000
  0.89249869  4.38777367  4.97351314    0.00000000  0.00000000  0.00000000
 -0.05102260  0.16353689  6.68186323    0.00000000  0.00000000  0.00000000
  3.36781297  3.66786366  4.46912637    0.00000000  0.00000000  0.00000000
  4.56285678  4.42127851  2.11483015    0.00000000  0.00000000  0.00000000
 -0.49930340  5.89307270  3.14654495    0.00000000  0.00000000  0.00000000
  0.64416979  6.61402206  0.89416165    0.00000000  0.00000000  0.00000000
  3.23137475  5.86189222  0.36707927    0.00000000  0.00000000  0.00000000
 -4.04684820 -1.59965305  5.07597408    0.00000000  0.00000000  0.00000000
 -4.88658574  0.94354019  4.47250898    0.00000000  0.00000000  0.00000000
 -1.68274430 -1.98120762  6.15625484    0.00000000  0.00000000  0.00000000
 -3.32578546  2.99557474  4.97542176    0.00000000  0.00000000  0.00000000
 -3.10623709  5.03232141  3.14743312    0.00000000  0.00000000  0.00000000
 -6.29775752  0.83554235  2.11927100    0.00000000  0.00000000  0.00000000
 -6.08784676  2.78439786  0.37044299    0.00000000  0.00000000  0.00000000
 -4.45682426  4.92933134  0.89618365    0.00000000  0.00000000  0.00000000
 -0.95746747 -5.66581425  3.40868774    0.00000000  0.00000000  0.00000000
 -3.42822750 -5.26727104  2.27991661    0.00000000  0.00000000  0.00000000
 -0.10387824 -4.05947157  5.30402621    0.00000000  0.00000000  0.00000000
 -4.93898784 -3.27912812  3.09521999    0.00000000  0.00000000  0.00000000
 -6.32980727 -1.77424483  1.26783606    0.00000000  0.00000000  0.00000000
 -3.23999190 -5.83991471 -0.39909123    0.00000000  0.00000000  0.00000000
 -4.57094481 -4.40022696 -2.14742792    0.00000000  0.00000000  0.00000000
 -6.15020772 -2.32243545 -1.29533158    0.00000000  0.00000000  0.00000000
  4.14416909 -3.98220068  3.40634448    0.00000000  0.00000000  0.00000000
  3.25204835 -5.66116553  1.42568487    0.00000000  0.00000000  0.00000000
  2.50352789 -3.19913602  5.30279789    0.00000000  0.00000000  0.00000000
  0.75764784 -6.48459473  1.42687540    0.00000000  0.00000000  0.00000000
 -0.65282474 -6.59204455 -0.92630589    0.00000000  0.00000000  0.00000000
  4.44820711 -4.90778847 -0.92840348    0.00000000  0.00000000  0.00000000
  3.09860260 -5.01057066 -3.17986082    0.00000000  0.00000000  0.00000000
  0.49168780 -5.87162431 -3.17872698    0.00000000  0.00000000  0.00000000
 -4.21537397 -1.10412910 -5.10475461    0.00000000  0.00000000  0.00000000
 -3.37499392 -3.64732234 -4.50151628    0.00000000  0.00000000  0.00000000
 -0.89933950 -4.36660874 -5.00582745    0.00000000  0.00000000  0.00000000
 -2.54410030  0.61009804 -6.18628259    0.00000000  0.00000000  0.00000000
 -4.15359883  4.00310105 -3.43858320    0.00000000  0.00000000  0.00000000
 -5.90029145  2.21167861 -2.30835699    0.00000000  0.00000000  0.00000000
 -5.93067825 -0.28551870 -3.12307455    0.00000000  0.00000000  0.00000000
 -2.51263637  3.22020647 -5.33473426    0.00000000  0.00000000  0.00000000
  0.94767869  5.68830199 -3.44022726    0.00000000  0.00000000  0.00000000
 -0.76728544  6.50657224 -1.45864170    0.00000000  0.00000000  0.00000000
 -3.26164816  5.68270840 -1.45786691    0.00000000  0.00000000  0.00000000
  0.09442961  4.08156247 -5.33543346    0.00000000  0.00000000  0.00000000
  4.03843892  1.62287778 -5.10734353    0.00000000  0.00000000  0.00000000
  4.93027621  3.30214499 -3.12685400    0.00000000  0.00000000  0.00000000
  3.41902454  5.29011783 -2.31168290    0.00000000  0.00000000  0.00000000
  1.67416495  2.00384654 -6.18737863    0.00000000  0.00000000  0.00000000
  0.84756100 -2.57503512 -6.13588359    0.00000000  0.00000000  0.00000000
  3.31858560 -2.97318149 -5.00728254    0.00000000  0.00000000  0.00000000
  4.87893235 -0.92061781 -4.50446425    0.00000000  0.00000000  0.00000000
  0.04346370 -0.14161607 -6.71310040    0.00000000  0.00000000  0.00000000

