   1
 'H'
 'hydrogen'
   1837.362220    
   1.100000000    
   1
   1   0   1   1
 
   2
 'He'
 'helium'
   7296.297096    
   1.200000000    
   1
   1   0   1   2
 
   3
 'Li'
 'lithium'
   12652.66897    
   1.700000000    
   2
   1   0   1   2
   2   0   1   1
 
   4
 'Be'
 'beryllium'
   16428.20279    
   1.450000000    
   2
   1   0   1   2
   2   0   1   2
 
   5
 'B'
 'boron'
   19707.24741    
   1.450000000    
   3
   1   0   1   2
   2   0   1   2
   2   1   1   1
 
   6
 'C'
 'carbon'
   21894.16673    
   1.450000000    
   4
   1   0   1   2
   2   0   1   2
   2   1   1   1
   2   1   2   1
 
   7
 'N'
 'nitrogen'
   25532.72506    
   1.450000000    
   4
   1   0   1   2
   2   0   1   2
   2   1   1   1
   2   1   2   2
 
   8
 'O'
 'oxygen'
   29165.12203    
   1.450000000    
   4
   1   0   1   2
   2   0   1   2
   2   1   1   2
   2   1   2   2
 
   9
 'F'
 'fluorine'
   34631.97043    
   1.450000000    
   4
   1   0   1   2
   2   0   1   2
   2   1   1   2
   2   1   2   3
 
  10
 'Ne'
 'neon'
   36785.34276    
   1.200000000    
   4
   1   0   1   2
   2   0   1   2
   2   1   1   2
   2   1   2   4
 
  11
 'Na'
 'sodium'
   41907.78700    
   2.000000000    
   5
   1   0   1   2
   2   0   1   2
   2   1   1   2
   2   1   2   4
   3   0   1   1
 
  12
 'Mg'
 'magnesium'
   44305.30463    
   2.000000000    
   5
   1   0   1   2
   2   0   1   2
   2   1   1   2
   2   1   2   4
   3   0   1   2
 
  13
 'Al'
 'aluminium'
   49184.33493    
   2.000000000    
   6
   1   0   1   2
   2   0   1   2
   2   1   1   2
   2   1   2   4
   3   0   1   2
   3   1   1   1
 
  14
 'Si'
 'silicon'
   51196.73454    
   2.000000000    
   7
   1   0   1   2
   2   0   1   2
   2   1   1   2
   2   1   2   4
   3   0   1   2
   3   1   1   1
   3   1   2   1
 
  15
 'P'
 'phosphorus'
   56461.71408    
   2.000000000    
   7
   1   0   1   2
   2   0   1   2
   2   1   1   2
   2   1   2   4
   3   0   1   2
   3   1   1   1
   3   1   2   2
 
  16
 'S'
 'sulphur'
   58452.74216    
   1.450000000    
   7
   1   0   1   2
   2   0   1   2
   2   1   1   2
   2   1   2   4
   3   0   1   2
   3   1   1   2
   3   1   2   2
 
  17
 'Cl'
 'chlorine'
   64626.31859    
   1.450000000    
   7
   1   0   1   2
   2   0   1   2
   2   1   1   2
   2   1   2   4
   3   0   1   2
   3   1   1   2
   3   1   2   3
 
  18
 'Ar'
 'argon'
   72820.74920    
   1.450000000    
   7
   1   0   1   2
   2   0   1   2
   2   1   1   2
   2   1   2   4
   3   0   1   2
   3   1   1   2
   3   1   2   4
 
  19
 'K'
 'potassium'
   71271.84085    
   2.200000000    
   8
   1   0   1   2
   2   0   1   2
   2   1   1   2
   2   1   2   4
   3   0   1   2
   3   1   1   2
   3   1   2   4
   4   0   1   1
 
  20
 'Ca'
 'calcium'
   73057.72470    
   2.200000000    
   8
   1   0   1   2
   2   0   1   2
   2   1   1   2
   2   1   2   4
   3   0   1   2
   3   1   1   2
   3   1   2   4
   4   0   1   2
 
  21
 'Sc'
 'scandium'
   81949.61067    
   2.000000000    
   9
   1   0   1   2
   2   0   1   2
   2   1   1   2
   2   1   2   4
   3   0   1   2
   3   1   1   2
   3   1   2   4
   3   2   2   1
   4   0   1   2
 
  22
 'Ti'
 'titanium'
   87256.20311    
   2.000000000    
   9
   1   0   1   2
   2   0   1   2
   2   1   1   2
   2   1   2   4
   3   0   1   2
   3   1   1   2
   3   1   2   4
   3   2   2   2
   4   0   1   2
 
  23
 'V'
 'vanadium'
   92860.67376    
   2.000000000    
   9
   1   0   1   2
   2   0   1   2
   2   1   1   2
   2   1   2   4
   3   0   1   2
   3   1   1   2
   3   1   2   4
   3   2   2   3
   4   0   1   2
 
  24
 'Cr'
 'chromium'
   94783.09195    
   2.000000000    
  10
   1   0   1   2
   2   0   1   2
   2   1   1   2
   2   1   2   4
   3   0   1   2
   3   1   1   2
   3   1   2   4
   3   2   2   3
   3   2   3   2
   4   0   1   1
 
  25
 'Mn'
 'manganese'
   100145.9369    
   2.000000000    
  10
   1   0   1   2
   2   0   1   2
   2   1   1   2
   2   1   2   4
   3   0   1   2
   3   1   1   2
   3   1   2   4
   3   2   2   3
   3   2   3   2
   4   0   1   2
 
  26
 'Fe'
 'iron'
   101799.2074    
   2.000000000    
  10
   1   0   1   2
   2   0   1   2
   2   1   1   2
   2   1   2   4
   3   0   1   2
   3   1   1   2
   3   1   2   4
   3   2   2   4
   3   2   3   2
   4   0   1   2
 
  27
 'Co'
 'cobalt'
   107428.6517    
   2.000000000    
  10
   1   0   1   2
   2   0   1   2
   2   1   1   2
   2   1   2   4
   3   0   1   2
   3   1   1   2
   3   1   2   4
   3   2   2   4
   3   2   3   3
   4   0   1   2
 
  28
 'Ni'
 'nickel'
   106991.5230    
   2.000000000    
  10
   1   0   1   2
   2   0   1   2
   2   1   1   2
   2   1   2   4
   3   0   1   2
   3   1   1   2
   3   1   2   4
   3   2   2   4
   3   2   3   4
   4   0   1   2
 
  29
 'Cu'
 'copper'
   115837.2717    
   2.000000000    
  10
   1   0   1   2
   2   0   1   2
   2   1   1   2
   2   1   2   4
   3   0   1   2
   3   1   1   2
   3   1   2   4
   3   2   2   4
   3   2   3   6
   4   0   1   1
 
  30
 'Zn'
 'zinc'
   119198.6780    
   2.000000000    
  10
   1   0   1   2
   2   0   1   2
   2   1   1   2
   2   1   2   4
   3   0   1   2
   3   1   1   2
   3   1   2   4
   3   2   2   4
   3   2   3   6
   4   0   1   2
 
  31
 'Ga'
 'gallium'
   127097.2538    
   2.000000000    
  11
   1   0   1   2
   2   0   1   2
   2   1   1   2
   2   1   2   4
   3   0   1   2
   3   1   1   2
   3   1   2   4
   3   2   2   4
   3   2   3   6
   4   0   1   2
   4   1   1   1
 
  32
 'Ge'
 'germanium'
   132359.9329    
   2.000000000    
  12
   1   0   1   2
   2   0   1   2
   2   1   1   2
   2   1   2   4
   3   0   1   2
   3   1   1   2
   3   1   2   4
   3   2   2   4
   3   2   3   6
   4   0   1   2
   4   1   1   1
   4   1   2   1
 
  33
 'As'
 'arsenic'
   136573.7219    
   2.000000000    
  12
   1   0   1   2
   2   0   1   2
   2   1   1   2
   2   1   2   4
   3   0   1   2
   3   1   1   2
   3   1   2   4
   3   2   2   4
   3   2   3   6
   4   0   1   2
   4   1   1   1
   4   1   2   2
 
  34
 'Se'
 'selenium'
   143935.2748    
   2.000000000    
  12
   1   0   1   2
   2   0   1   2
   2   1   1   2
   2   1   2   4
   3   0   1   2
   3   1   1   2
   3   1   2   4
   3   2   2   4
   3   2   3   6
   4   0   1   2
   4   1   1   2
   4   1   2   2
 
  35
 'Br'
 'bromine'
   145656.0815    
   2.000000000    
  12
   1   0   1   2
   2   0   1   2
   2   1   1   2
   2   1   2   4
   3   0   1   2
   3   1   1   2
   3   1   2   4
   3   2   2   4
   3   2   3   6
   4   0   1   2
   4   1   1   2
   4   1   2   3
 
  36
 'Kr'
 'krypton'
   152758.0550    
   2.000000000    
  12
   1   0   1   2
   2   0   1   2
   2   1   1   2
   2   1   2   4
   3   0   1   2
   3   1   1   2
   3   1   2   4
   3   2   2   4
   3   2   3   6
   4   0   1   2
   4   1   1   2
   4   1   2   4
 
  37
 'Rb'
 'rubidium'
   155798.2685    
   2.200000000    
  13
   1   0   1   2
   2   0   1   2
   2   1   1   2
   2   1   2   4
   3   0   1   2
   3   1   1   2
   3   1   2   4
   3   2   2   4
   3   2   3   6
   4   0   1   2
   4   1   1   2
   4   1   2   4
   5   0   1   1
 
  38
 'Sr'
 'strontium'
   159721.4890    
   2.200000000    
  13
   1   0   1   2
   2   0   1   2
   2   1   1   2
   2   1   2   4
   3   0   1   2
   3   1   1   2
   3   1   2   4
   3   2   2   4
   3   2   3   6
   4   0   1   2
   4   1   1   2
   4   1   2   4
   5   0   1   2
 
  39
 'Y'
 'yttrium'
   162065.4502    
   2.200000000    
  14
   1   0   1   2
   2   0   1   2
   2   1   1   2
   2   1   2   4
   3   0   1   2
   3   1   1   2
   3   1   2   4
   3   2   2   4
   3   2   3   6
   4   0   1   2
   4   1   1   2
   4   1   2   4
   4   2   2   1
   5   0   1   2
 
  40
 'Zr'
 'zirconium'
   166291.1791    
   2.000000000    
  14
   1   0   1   2
   2   0   1   2
   2   1   1   2
   2   1   2   4
   3   0   1   2
   3   1   1   2
   3   1   2   4
   3   2   2   4
   3   2   3   6
   4   0   1   2
   4   1   1   2
   4   1   2   4
   4   2   2   2
   5   0   1   2
 
  41
 'Nb'
 'niobium'
   169357.9703    
   2.000000000    
  15
   1   0   1   2
   2   0   1   2
   2   1   1   2
   2   1   2   4
   3   0   1   2
   3   1   1   2
   3   1   2   4
   3   2   2   4
   3   2   3   6
   4   0   1   2
   4   1   1   2
   4   1   2   4
   4   2   2   3
   4   2   3   1
   5   0   1   1
 
  42
 'Mo'
 'molybdenum'
   174887.9212    
   2.000000000    
  15
   1   0   1   2
   2   0   1   2
   2   1   1   2
   2   1   2   4
   3   0   1   2
   3   1   1   2
   3   1   2   4
   3   2   2   4
   3   2   3   6
   4   0   1   2
   4   1   1   2
   4   1   2   4
   4   2   2   3
   4   2   3   2
   5   0   1   1
 
  43
 'Tc'
 'technetium'
   178643.0715    
   2.000000000    
  15
   1   0   1   2
   2   0   1   2
   2   1   1   2
   2   1   2   4
   3   0   1   2
   3   1   1   2
   3   1   2   4
   3   2   2   4
   3   2   3   6
   4   0   1   2
   4   1   1   2
   4   1   2   4
   4   2   2   4
   4   2   3   2
   5   0   1   1
 
  44
 'Ru'
 'ruthenium'
   184239.3392    
   2.000000000    
  15
   1   0   1   2
   2   0   1   2
   2   1   1   2
   2   1   2   4
   3   0   1   2
   3   1   1   2
   3   1   2   4
   3   2   2   4
   3   2   3   6
   4   0   1   2
   4   1   1   2
   4   1   2   4
   4   2   2   4
   4   2   3   3
   5   0   1   1
 
  45
 'Rh'
 'rhodium'
   187585.2510    
   2.000000000    
  15
   1   0   1   2
   2   0   1   2
   2   1   1   2
   2   1   2   4
   3   0   1   2
   3   1   1   2
   3   1   2   4
   3   2   2   4
   3   2   3   6
   4   0   1   2
   4   1   1   2
   4   1   2   4
   4   2   2   4
   4   2   3   4
   5   0   1   1
 
  46
 'Pd'
 'palladium'
   193991.7926    
   2.000000000    
  14
   1   0   1   2
   2   0   1   2
   2   1   1   2
   2   1   2   4
   3   0   1   2
   3   1   1   2
   3   1   2   4
   3   2   2   4
   3   2   3   6
   4   0   1   2
   4   1   1   2
   4   1   2   4
   4   2   2   4
   4   2   3   6
 
  47
 'Ag'
 'silver'
   196631.6997    
   2.000000000    
  15
   1   0   1   2
   2   0   1   2
   2   1   1   2
   2   1   2   4
   3   0   1   2
   3   1   1   2
   3   1   2   4
   3   2   2   4
   3   2   3   6
   4   0   1   2
   4   1   1   2
   4   1   2   4
   4   2   2   4
   4   2   3   6
   5   0   1   1
 
  48
 'Cd'
 'cadmium'
   204912.7175    
   2.000000000    
  15
   1   0   1   2
   2   0   1   2
   2   1   1   2
   2   1   2   4
   3   0   1   2
   3   1   1   2
   3   1   2   4
   3   2   2   4
   3   2   3   6
   4   0   1   2
   4   1   1   2
   4   1   2   4
   4   2   2   4
   4   2   3   6
   5   0   1   2
 
  49
 'In'
 'indium'
   209300.4101    
   2.000000000    
  16
   1   0   1   2
   2   0   1   2
   2   1   1   2
   2   1   2   4
   3   0   1   2
   3   1   1   2
   3   1   2   4
   3   2   2   4
   3   2   3   6
   4   0   1   2
   4   1   1   2
   4   1   2   4
   4   2   2   4
   4   2   3   6
   5   0   1   2
   5   1   1   1
 
  50
 'Sn'
 'tin'
   216395.0920    
   2.000000000    
  17
   1   0   1   2
   2   0   1   2
   2   1   1   2
   2   1   2   4
   3   0   1   2
   3   1   1   2
   3   1   2   4
   3   2   2   4
   3   2   3   6
   4   0   1   2
   4   1   1   2
   4   1   2   4
   4   2   2   4
   4   2   3   6
   5   0   1   2
   5   1   1   1
   5   1   2   1
 
  51
 'Sb'
 'antimony'
   221954.9019    
   2.000000000    
  17
   1   0   1   2
   2   0   1   2
   2   1   1   2
   2   1   2   4
   3   0   1   2
   3   1   1   2
   3   1   2   4
   3   2   2   4
   3   2   3   6
   4   0   1   2
   4   1   1   2
   4   1   2   4
   4   2   2   4
   4   2   3   6
   5   0   1   2
   5   1   1   1
   5   1   2   2
 
  52
 'Te'
 'tellurium'
   232600.5707    
   2.000000000    
  17
   1   0   1   2
   2   0   1   2
   2   1   1   2
   2   1   2   4
   3   0   1   2
   3   1   1   2
   3   1   2   4
   3   2   2   4
   3   2   3   6
   4   0   1   2
   4   1   1   2
   4   1   2   4
   4   2   2   4
   4   2   3   6
   5   0   1   2
   5   1   1   2
   5   1   2   2
 
  53
 'I'
 'iodine'
   231332.6970    
   2.000000000    
  17
   1   0   1   2
   2   0   1   2
   2   1   1   2
   2   1   2   4
   3   0   1   2
   3   1   1   2
   3   1   2   4
   3   2   2   4
   3   2   3   6
   4   0   1   2
   4   1   1   2
   4   1   2   4
   4   2   2   4
   4   2   3   6
   5   0   1   2
   5   1   1   2
   5   1   2   3
 
  54
 'Xe'
 'xenon'
   239327.0292    
   2.000000000    
  17
   1   0   1   2
   2   0   1   2
   2   1   1   2
   2   1   2   4
   3   0   1   2
   3   1   1   2
   3   1   2   4
   3   2   2   4
   3   2   3   6
   4   0   1   2
   4   1   1   2
   4   1   2   4
   4   2   2   4
   4   2   3   6
   5   0   1   2
   5   1   1   2
   5   1   2   4
 
  55
 'Cs'
 'caesium'
   242271.8144    
   2.200000000    
  18
   1   0   1   2
   2   0   1   2
   2   1   1   2
   2   1   2   4
   3   0   1   2
   3   1   1   2
   3   1   2   4
   3   2   2   4
   3   2   3   6
   4   0   1   2
   4   1   1   2
   4   1   2   4
   4   2   2   4
   4   2   3   6
   5   0   1   2
   5   1   1   2
   5   1   2   4
   6   0   1   1
 
  56
 'Ba'
 'barium'
   250331.8070    
   2.200000000    
  18
   1   0   1   2
   2   0   1   2
   2   1   1   2
   2   1   2   4
   3   0   1   2
   3   1   1   2
   3   1   2   4
   3   2   2   4
   3   2   3   6
   4   0   1   2
   4   1   1   2
   4   1   2   4
   4   2   2   4
   4   2   3   6
   5   0   1   2
   5   1   1   2
   5   1   2   4
   6   0   1   2
 
  57
 'La'
 'lanthanum'
   253209.2364    
   2.200000000    
  19
   1   0   1   2
   2   0   1   2
   2   1   1   2
   2   1   2   4
   3   0   1   2
   3   1   1   2
   3   1   2   4
   3   2   2   4
   3   2   3   6
   4   0   1   2
   4   1   1   2
   4   1   2   4
   4   2   2   4
   4   2   3   6
   5   0   1   2
   5   1   1   2
   5   1   2   4
   5   2   2   1
   6   0   1   2
 
  58
 'Ce'
 'cerium'
   255415.8430    
   2.200000000    
  19
   1   0   1   2
   2   0   1   2
   2   1   1   2
   2   1   2   4
   3   0   1   2
   3   1   1   2
   3   1   2   4
   3   2   2   4
   3   2   3   6
   4   0   1   2
   4   1   1   2
   4   1   2   4
   4   2   2   4
   4   2   3   6
   4   3   3   2
   5   0   1   2
   5   1   1   2
   5   1   2   4
   6   0   1   2
 
  59
 'Pr'
 'praseodymium'
   256858.9326    
   2.200000000    
  19
   1   0   1   2
   2   0   1   2
   2   1   1   2
   2   1   2   4
   3   0   1   2
   3   1   1   2
   3   1   2   4
   3   2   2   4
   3   2   3   6
   4   0   1   2
   4   1   1   2
   4   1   2   4
   4   2   2   4
   4   2   3   6
   4   3   3   3
   5   0   1   2
   5   1   1   2
   5   1   2   4
   6   0   1   2
 
  60
 'Nd'
 'neodymium'
   262933.4351    
   2.200000000    
  20
   1   0   1   2
   2   0   1   2
   2   1   1   2
   2   1   2   4
   3   0   1   2
   3   1   1   2
   3   1   2   4
   3   2   2   4
   3   2   3   6
   4   0   1   2
   4   1   1   2
   4   1   2   4
   4   2   2   4
   4   2   3   6
   4   3   3   3
   4   3   4   1
   5   0   1   2
   5   1   1   2
   5   1   2   4
   6   0   1   2
 
  61
 'Pm'
 'promethium'
   264318.8303    
   2.200000000    
  20
   1   0   1   2
   2   0   1   2
   2   1   1   2
   2   1   2   4
   3   0   1   2
   3   1   1   2
   3   1   2   4
   3   2   2   4
   3   2   3   6
   4   0   1   2
   4   1   1   2
   4   1   2   4
   4   2   2   4
   4   2   3   6
   4   3   3   3
   4   3   4   2
   5   0   1   2
   5   1   1   2
   5   1   2   4
   6   0   1   2
 
  62
 'Sm'
 'samarium'
   274089.5126    
   2.200000000    
  20
   1   0   1   2
   2   0   1   2
   2   1   1   2
   2   1   2   4
   3   0   1   2
   3   1   1   2
   3   1   2   4
   3   2   2   4
   3   2   3   6
   4   0   1   2
   4   1   1   2
   4   1   2   4
   4   2   2   4
   4   2   3   6
   4   3   3   3
   4   3   4   3
   5   0   1   2
   5   1   1   2
   5   1   2   4
   6   0   1   2
 
  63
 'Eu'
 'europium'
   277013.4257    
   2.200000000    
  20
   1   0   1   2
   2   0   1   2
   2   1   1   2
   2   1   2   4
   3   0   1   2
   3   1   1   2
   3   1   2   4
   3   2   2   4
   3   2   3   6
   4   0   1   2
   4   1   1   2
   4   1   2   4
   4   2   2   4
   4   2   3   6
   4   3   3   3
   4   3   4   4
   5   0   1   2
   5   1   1   2
   5   1   2   4
   6   0   1   2
 
  64
 'Gd'
 'gadolinium'
   286649.2143    
   2.200000000    
  21
   1   0   1   2
   2   0   1   2
   2   1   1   2
   2   1   2   4
   3   0   1   2
   3   1   1   2
   3   1   2   4
   3   2   2   4
   3   2   3   6
   4   0   1   2
   4   1   1   2
   4   1   2   4
   4   2   2   4
   4   2   3   6
   4   3   3   3
   4   3   4   4
   5   0   1   2
   5   1   1   2
   5   1   2   4
   5   2   2   1
   6   0   1   2
 
  65
 'Tb'
 'terbium'
   289703.1722    
   2.200000000    
  20
   1   0   1   2
   2   0   1   2
   2   1   1   2
   2   1   2   4
   3   0   1   2
   3   1   1   2
   3   1   2   4
   3   2   2   4
   3   2   3   6
   4   0   1   2
   4   1   1   2
   4   1   2   4
   4   2   2   4
   4   2   3   6
   4   3   3   5
   4   3   4   4
   5   0   1   2
   5   1   1   2
   5   1   2   4
   6   0   1   2
 
  66
 'Dy'
 'dysprosium'
   296219.3788    
   2.200000000    
  20
   1   0   1   2
   2   0   1   2
   2   1   1   2
   2   1   2   4
   3   0   1   2
   3   1   1   2
   3   1   2   4
   3   2   2   4
   3   2   3   6
   4   0   1   2
   4   1   1   2
   4   1   2   4
   4   2   2   4
   4   2   3   6
   4   3   3   6
   4   3   4   4
   5   0   1   2
   5   1   1   2
   5   1   2   4
   6   0   1   2
 
  67
 'Ho'
 'holmium'
   300649.5811    
   2.000000000    
  20
   1   0   1   2
   2   0   1   2
   2   1   1   2
   2   1   2   4
   3   0   1   2
   3   1   1   2
   3   1   2   4
   3   2   2   4
   3   2   3   6
   4   0   1   2
   4   1   1   2
   4   1   2   4
   4   2   2   4
   4   2   3   6
   4   3   3   6
   4   3   4   5
   5   0   1   2
   5   1   1   2
   5   1   2   4
   6   0   1   2
 
  68
 'Er'
 'erbium'
   304896.3280    
   2.000000000    
  20
   1   0   1   2
   2   0   1   2
   2   1   1   2
   2   1   2   4
   3   0   1   2
   3   1   1   2
   3   1   2   4
   3   2   2   4
   3   2   3   6
   4   0   1   2
   4   1   1   2
   4   1   2   4
   4   2   2   4
   4   2   3   6
   4   3   3   6
   4   3   4   6
   5   0   1   2
   5   1   1   2
   5   1   2   4
   6   0   1   2
 
  69
 'Tm'
 'thulium'
   307948.2261    
   2.000000000    
  20
   1   0   1   2
   2   0   1   2
   2   1   1   2
   2   1   2   4
   3   0   1   2
   3   1   1   2
   3   1   2   4
   3   2   2   4
   3   2   3   6
   4   0   1   2
   4   1   1   2
   4   1   2   4
   4   2   2   4
   4   2   3   6
   4   3   3   6
   4   3   4   7
   5   0   1   2
   5   1   1   2
   5   1   2   4
   6   0   1   2
 
  70
 'Yb'
 'ytterbium'
   315432.6234    
   2.200000000    
  20
   1   0   1   2
   2   0   1   2
   2   1   1   2
   2   1   2   4
   3   0   1   2
   3   1   1   2
   3   1   2   4
   3   2   2   4
   3   2   3   6
   4   0   1   2
   4   1   1   2
   4   1   2   4
   4   2   2   4
   4   2   3   6
   4   3   3   6
   4   3   4   8
   5   0   1   2
   5   1   1   2
   5   1   2   4
   6   0   1   2
 
  71
 'Lu'
 'lutetium'
   318945.3295    
   2.000000000    
  21
   1   0   1   2
   2   0   1   2
   2   1   1   2
   2   1   2   4
   3   0   1   2
   3   1   1   2
   3   1   2   4
   3   2   2   4
   3   2   3   6
   4   0   1   2
   4   1   1   2
   4   1   2   4
   4   2   2   4
   4   2   3   6
   4   3   3   6
   4   3   4   8
   5   0   1   2
   5   1   1   2
   5   1   2   4
   5   2   2   1
   6   0   1   2
 
  72
 'Hf'
 'hafnium'
   325367.3657    
   2.000000000    
  21
   1   0   1   2
   2   0   1   2
   2   1   1   2
   2   1   2   4
   3   0   1   2
   3   1   1   2
   3   1   2   4
   3   2   2   4
   3   2   3   6
   4   0   1   2
   4   1   1   2
   4   1   2   4
   4   2   2   4
   4   2   3   6
   4   3   3   6
   4   3   4   8
   5   0   1   2
   5   1   1   2
   5   1   2   4
   5   2   2   2
   6   0   1   2
 
  73
 'Ta'
 'tantalum'
   329847.8433    
   2.000000000    
  21
   1   0   1   2
   2   0   1   2
   2   1   1   2
   2   1   2   4
   3   0   1   2
   3   1   1   2
   3   1   2   4
   3   2   2   4
   3   2   3   6
   4   0   1   2
   4   1   1   2
   4   1   2   4
   4   2   2   4
   4   2   3   6
   4   3   3   6
   4   3   4   8
   5   0   1   2
   5   1   1   2
   5   1   2   4
   5   2   2   3
   6   0   1   2
 
  74
 'W'
 'tungsten'
   335119.8191    
   2.000000000    
  22
   1   0   1   2
   2   0   1   2
   2   1   1   2
   2   1   2   4
   3   0   1   2
   3   1   1   2
   3   1   2   4
   3   2   2   4
   3   2   3   6
   4   0   1   2
   4   1   1   2
   4   1   2   4
   4   2   2   4
   4   2   3   6
   4   3   3   6
   4   3   4   8
   5   0   1   2
   5   1   1   2
   5   1   2   4
   5   2   2   3
   5   2   3   1
   6   0   1   2
 
  75
 'Re'
 'rhenium'
   339434.5961    
   2.000000000    
  22
   1   0   1   2
   2   0   1   2
   2   1   1   2
   2   1   2   4
   3   0   1   2
   3   1   1   2
   3   1   2   4
   3   2   2   4
   3   2   3   6
   4   0   1   2
   4   1   1   2
   4   1   2   4
   4   2   2   4
   4   2   3   6
   4   3   3   6
   4   3   4   8
   5   0   1   2
   5   1   1   2
   5   1   2   4
   5   2   2   3
   5   2   3   2
   6   0   1   2
 
  76
 'Os'
 'osmium'
   346768.0765    
   2.000000000    
  22
   1   0   1   2
   2   0   1   2
   2   1   1   2
   2   1   2   4
   3   0   1   2
   3   1   1   2
   3   1   2   4
   3   2   2   4
   3   2   3   6
   4   0   1   2
   4   1   1   2
   4   1   2   4
   4   2   2   4
   4   2   3   6
   4   3   3   6
   4   3   4   8
   5   0   1   2
   5   1   1   2
   5   1   2   4
   5   2   2   4
   5   2   3   2
   6   0   1   2
 
  77
 'Ir'
 'iridium'
   350390.1559    
   2.000000000    
  22
   1   0   1   2
   2   0   1   2
   2   1   1   2
   2   1   2   4
   3   0   1   2
   3   1   1   2
   3   1   2   4
   3   2   2   4
   3   2   3   6
   4   0   1   2
   4   1   1   2
   4   1   2   4
   4   2   2   4
   4   2   3   6
   4   3   3   6
   4   3   4   8
   5   0   1   2
   5   1   1   2
   5   1   2   4
   5   2   2   4
   5   2   3   3
   6   0   1   2
 
  78
 'Pt'
 'platinum'
   355605.4399    
   2.000000000    
  22
   1   0   1   2
   2   0   1   2
   2   1   1   2
   2   1   2   4
   3   0   1   2
   3   1   1   2
   3   1   2   4
   3   2   2   4
   3   2   3   6
   4   0   1   2
   4   1   1   2
   4   1   2   4
   4   2   2   4
   4   2   3   6
   4   3   3   6
   4   3   4   8
   5   0   1   2
   5   1   1   2
   5   1   2   4
   5   2   2   4
   5   2   3   5
   6   0   1   1
 
  79
 'Au'
 'gold'
   359048.0559    
   2.000000000    
  22
   1   0   1   2
   2   0   1   2
   2   1   1   2
   2   1   2   4
   3   0   1   2
   3   1   1   2
   3   1   2   4
   3   2   2   4
   3   2   3   6
   4   0   1   2
   4   1   1   2
   4   1   2   4
   4   2   2   4
   4   2   3   6
   4   3   3   6
   4   3   4   8
   5   0   1   2
   5   1   1   2
   5   1   2   4
   5   2   2   4
   5   2   3   6
   6   0   1   1
 
  80
 'Hg'
 'mercury'
   365653.2012    
   2.000000000    
  22
   1   0   1   2
   2   0   1   2
   2   1   1   2
   2   1   2   4
   3   0   1   2
   3   1   1   2
   3   1   2   4
   3   2   2   4
   3   2   3   6
   4   0   1   2
   4   1   1   2
   4   1   2   4
   4   2   2   4
   4   2   3   6
   4   3   3   6
   4   3   4   8
   5   0   1   2
   5   1   1   2
   5   1   2   4
   5   2   2   4
   5   2   3   6
   6   0   1   2
 
  81
 'Tl'
 'thallium'
   372567.9641    
   2.000000000    
  23
   1   0   1   2
   2   0   1   2
   2   1   1   2
   2   1   2   4
   3   0   1   2
   3   1   1   2
   3   1   2   4
   3   2   2   4
   3   2   3   6
   4   0   1   2
   4   1   1   2
   4   1   2   4
   4   2   2   4
   4   2   3   6
   4   3   3   6
   4   3   4   8
   5   0   1   2
   5   1   1   2
   5   1   2   4
   5   2   2   4
   5   2   3   6
   6   0   1   2
   6   1   1   1
 
  82
 'Pb'
 'lead'
   377702.4941    
   2.000000000    
  24
   1   0   1   2
   2   0   1   2
   2   1   1   2
   2   1   2   4
   3   0   1   2
   3   1   1   2
   3   1   2   4
   3   2   2   4
   3   2   3   6
   4   0   1   2
   4   1   1   2
   4   1   2   4
   4   2   2   4
   4   2   3   6
   4   3   3   6
   4   3   4   8
   5   0   1   2
   5   1   1   2
   5   1   2   4
   5   2   2   4
   5   2   3   6
   6   0   1   2
   6   1   1   1
   6   1   2   1
 
  83
 'Bi'
 'bismuth'
   380947.9283    
   2.000000000    
  24
   1   0   1   2
   2   0   1   2
   2   1   1   2
   2   1   2   4
   3   0   1   2
   3   1   1   2
   3   1   2   4
   3   2   2   4
   3   2   3   6
   4   0   1   2
   4   1   1   2
   4   1   2   4
   4   2   2   4
   4   2   3   6
   4   3   3   6
   4   3   4   8
   5   0   1   2
   5   1   1   2
   5   1   2   4
   5   2   2   4
   5   2   3   6
   6   0   1   2
   6   1   1   1
   6   1   2   2
 
  84
 'Po'
 'polonium'
   382806.5818    
   2.000000000    
  24
   1   0   1   2
   2   0   1   2
   2   1   1   2
   2   1   2   4
   3   0   1   2
   3   1   1   2
   3   1   2   4
   3   2   2   4
   3   2   3   6
   4   0   1   2
   4   1   1   2
   4   1   2   4
   4   2   2   4
   4   2   3   6
   4   3   3   6
   4   3   4   8
   5   0   1   2
   5   1   1   2
   5   1   2   4
   5   2   2   4
   5   2   3   6
   6   0   1   2
   6   1   1   2
   6   1   2   2
 
  85
 'At'
 'astatine'
   382806.5818    
   2.000000000    
  24
   1   0   1   2
   2   0   1   2
   2   1   1   2
   2   1   2   4
   3   0   1   2
   3   1   1   2
   3   1   2   4
   3   2   2   4
   3   2   3   6
   4   0   1   2
   4   1   1   2
   4   1   2   4
   4   2   2   4
   4   2   3   6
   4   3   3   6
   4   3   4   8
   5   0   1   2
   5   1   1   2
   5   1   2   4
   5   2   2   4
   5   2   3   6
   6   0   1   2
   6   1   1   2
   6   1   2   3
 
  86
 'Rn'
 'radon'
   404681.2437    
   2.000000000    
  24
   1   0   1   2
   2   0   1   2
   2   1   1   2
   2   1   2   4
   3   0   1   2
   3   1   1   2
   3   1   2   4
   3   2   2   4
   3   2   3   6
   4   0   1   2
   4   1   1   2
   4   1   2   4
   4   2   2   4
   4   2   3   6
   4   3   3   6
   4   3   4   8
   5   0   1   2
   5   1   1   2
   5   1   2   4
   5   2   2   4
   5   2   3   6
   6   0   1   2
   6   1   1   2
   6   1   2   4
 
  87
 'Fr'
 'francium'
   406504.1321    
   2.200000000    
  25
   1   0   1   2
   2   0   1   2
   2   1   1   2
   2   1   2   4
   3   0   1   2
   3   1   1   2
   3   1   2   4
   3   2   2   4
   3   2   3   6
   4   0   1   2
   4   1   1   2
   4   1   2   4
   4   2   2   4
   4   2   3   6
   4   3   3   6
   4   3   4   8
   5   0   1   2
   5   1   1   2
   5   1   2   4
   5   2   2   4
   5   2   3   6
   6   0   1   2
   6   1   1   2
   6   1   2   4
   7   0   1   1
 
  88
 'Ra'
 'radium'
   411972.7976    
   2.200000000    
  25
   1   0   1   2
   2   0   1   2
   2   1   1   2
   2   1   2   4
   3   0   1   2
   3   1   1   2
   3   1   2   4
   3   2   2   4
   3   2   3   6
   4   0   1   2
   4   1   1   2
   4   1   2   4
   4   2   2   4
   4   2   3   6
   4   3   3   6
   4   3   4   8
   5   0   1   2
   5   1   1   2
   5   1   2   4
   5   2   2   4
   5   2   3   6
   6   0   1   2
   6   1   1   2
   6   1   2   4
   7   0   1   2
 
  89
 'Ac'
 'actinium'
   413795.6861    
   2.200000000    
  26
   1   0   1   2
   2   0   1   2
   2   1   1   2
   2   1   2   4
   3   0   1   2
   3   1   1   2
   3   1   2   4
   3   2   2   4
   3   2   3   6
   4   0   1   2
   4   1   1   2
   4   1   2   4
   4   2   2   4
   4   2   3   6
   4   3   3   6
   4   3   4   8
   5   0   1   2
   5   1   1   2
   5   1   2   4
   5   2   2   4
   5   2   3   6
   6   0   1   2
   6   1   1   2
   6   1   2   4
   6   2   2   1
   7   0   1   2
 
  90
 'Th'
 'thorium'
   422979.5806    
   2.200000000    
  26
   1   0   1   2
   2   0   1   2
   2   1   1   2
   2   1   2   4
   3   0   1   2
   3   1   1   2
   3   1   2   4
   3   2   2   4
   3   2   3   6
   4   0   1   2
   4   1   1   2
   4   1   2   4
   4   2   2   4
   4   2   3   6
   4   3   3   6
   4   3   4   8
   5   0   1   2
   5   1   1   2
   5   1   2   4
   5   2   2   4
   5   2   3   6
   6   0   1   2
   6   1   1   2
   6   1   2   4
   6   2   2   2
   7   0   1   2
 
  91
 'Pa'
 'protactinium'
   421152.6453    
   2.200000000    
  27
   1   0   1   2
   2   0   1   2
   2   1   1   2
   2   1   2   4
   3   0   1   2
   3   1   1   2
   3   1   2   4
   3   2   2   4
   3   2   3   6
   4   0   1   2
   4   1   1   2
   4   1   2   4
   4   2   2   4
   4   2   3   6
   4   3   3   6
   4   3   4   8
   5   0   1   2
   5   1   1   2
   5   1   2   4
   5   2   2   4
   5   2   3   6
   5   3   3   2
   6   0   1   2
   6   1   1   2
   6   1   2   4
   6   2   2   1
   7   0   1   2
 
  92
 'U'
 'uranium'
   433900.1409    
   2.000000000    
  27
   1   0   1   2
   2   0   1   2
   2   1   1   2
   2   1   2   4
   3   0   1   2
   3   1   1   2
   3   1   2   4
   3   2   2   4
   3   2   3   6
   4   0   1   2
   4   1   1   2
   4   1   2   4
   4   2   2   4
   4   2   3   6
   4   3   3   6
   4   3   4   8
   5   0   1   2
   5   1   1   2
   5   1   2   4
   5   2   2   4
   5   2   3   6
   5   3   3   3
   6   0   1   2
   6   1   1   2
   6   1   2   4
   6   2   2   1
   7   0   1   2
 
  93
 'Np'
 'neptunium'
   432024.5709    
   2.200000000    
  28
   1   0   1   2
   2   0   1   2
   2   1   1   2
   2   1   2   4
   3   0   1   2
   3   1   1   2
   3   1   2   4
   3   2   2   4
   3   2   3   6
   4   0   1   2
   4   1   1   2
   4   1   2   4
   4   2   2   4
   4   2   3   6
   4   3   3   6
   4   3   4   8
   5   0   1   2
   5   1   1   2
   5   1   2   4
   5   2   2   4
   5   2   3   6
   5   3   3   3
   5   3   4   1
   6   0   1   2
   6   1   1   2
   6   1   2   4
   6   2   2   1
   7   0   1   2
 
  94
 'Pu'
 'plutonium'
   444784.7903    
   2.200000000    
  27
   1   0   1   2
   2   0   1   2
   2   1   1   2
   2   1   2   4
   3   0   1   2
   3   1   1   2
   3   1   2   4
   3   2   2   4
   3   2   3   6
   4   0   1   2
   4   1   1   2
   4   1   2   4
   4   2   2   4
   4   2   3   6
   4   3   3   6
   4   3   4   8
   5   0   1   2
   5   1   1   2
   5   1   2   4
   5   2   2   4
   5   2   3   6
   5   3   3   3
   5   3   4   3
   6   0   1   2
   6   1   1   2
   6   1   2   4
   7   0   1   2
 
  95
 'Am'
 'americium'
   442961.9018    
   2.200000000    
  27
   1   0   1   2
   2   0   1   2
   2   1   1   2
   2   1   2   4
   3   0   1   2
   3   1   1   2
   3   1   2   4
   3   2   2   4
   3   2   3   6
   4   0   1   2
   4   1   1   2
   4   1   2   4
   4   2   2   4
   4   2   3   6
   4   3   3   6
   4   3   4   8
   5   0   1   2
   5   1   1   2
   5   1   2   4
   5   2   2   4
   5   2   3   6
   5   3   3   3
   5   3   4   4
   6   0   1   2
   6   1   1   2
   6   1   2   4
   7   0   1   2
 
  96
 'Cm'
 'curium'
   450253.4558    
   2.200000000    
  28
   1   0   1   2
   2   0   1   2
   2   1   1   2
   2   1   2   4
   3   0   1   2
   3   1   1   2
   3   1   2   4
   3   2   2   4
   3   2   3   6
   4   0   1   2
   4   1   1   2
   4   1   2   4
   4   2   2   4
   4   2   3   6
   4   3   3   6
   4   3   4   8
   5   0   1   2
   5   1   1   2
   5   1   2   4
   5   2   2   4
   5   2   3   6
   5   3   3   3
   5   3   4   4
   6   0   1   2
   6   1   1   2
   6   1   2   4
   6   2   2   1
   7   0   1   2
 
  97
 'Bk'
 'berkelium'
   450253.4558    
   2.200000000    
  27
   1   0   1   2
   2   0   1   2
   2   1   1   2
   2   1   2   4
   3   0   1   2
   3   1   1   2
   3   1   2   4
   3   2   2   4
   3   2   3   6
   4   0   1   2
   4   1   1   2
   4   1   2   4
   4   2   2   4
   4   2   3   6
   4   3   3   6
   4   3   4   8
   5   0   1   2
   5   1   1   2
   5   1   2   4
   5   2   2   4
   5   2   3   6
   5   3   3   5
   5   3   4   4
   6   0   1   2
   6   1   1   2
   6   1   2   4
   7   0   1   2
 
  98
 'Cf'
 'californium'
   457545.0097    
   2.200000000    
  27
   1   0   1   2
   2   0   1   2
   2   1   1   2
   2   1   2   4
   3   0   1   2
   3   1   1   2
   3   1   2   4
   3   2   2   4
   3   2   3   6
   4   0   1   2
   4   1   1   2
   4   1   2   4
   4   2   2   4
   4   2   3   6
   4   3   3   6
   4   3   4   8
   5   0   1   2
   5   1   1   2
   5   1   2   4
   5   2   2   4
   5   2   3   6
   5   3   3   6
   5   3   4   4
   6   0   1   2
   6   1   1   2
   6   1   2   4
   7   0   1   2
 
  99
 'Es'
 'einsteinium'
   459367.8982    
   2.200000000    
  27
   1   0   1   2
   2   0   1   2
   2   1   1   2
   2   1   2   4
   3   0   1   2
   3   1   1   2
   3   1   2   4
   3   2   2   4
   3   2   3   6
   4   0   1   2
   4   1   1   2
   4   1   2   4
   4   2   2   4
   4   2   3   6
   4   3   3   6
   4   3   4   8
   5   0   1   2
   5   1   1   2
   5   1   2   4
   5   2   2   4
   5   2   3   6
   5   3   3   6
   5   3   4   5
   6   0   1   2
   6   1   1   2
   6   1   2   4
   7   0   1   2
 
 100
 'Fm'
 'fermium'
   468482.3406    
   2.200000000    
  27
   1   0   1   2
   2   0   1   2
   2   1   1   2
   2   1   2   4
   3   0   1   2
   3   1   1   2
   3   1   2   4
   3   2   2   4
   3   2   3   6
   4   0   1   2
   4   1   1   2
   4   1   2   4
   4   2   2   4
   4   2   3   6
   4   3   3   6
   4   3   4   8
   5   0   1   2
   5   1   1   2
   5   1   2   4
   5   2   2   4
   5   2   3   6
   5   3   3   6
   5   3   4   6
   6   0   1   2
   6   1   1   2
   6   1   2   4
   7   0   1   2
 
 101
 'Md'
 'mendelevium'
   470305.2291    
   2.200000000    
  27
   1   0   1   2
   2   0   1   2
   2   1   1   2
   2   1   2   4
   3   0   1   2
   3   1   1   2
   3   1   2   4
   3   2   2   4
   3   2   3   6
   4   0   1   2
   4   1   1   2
   4   1   2   4
   4   2   2   4
   4   2   3   6
   4   3   3   6
   4   3   4   8
   5   0   1   2
   5   1   1   2
   5   1   2   4
   5   2   2   4
   5   2   3   6
   5   3   3   6
   5   3   4   7
   6   0   1   2
   6   1   1   2
   6   1   2   4
   7   0   1   2
 
 102
 'No'
 'nobelium'
   472128.1176    
   2.200000000    
  27
   1   0   1   2
   2   0   1   2
   2   1   1   2
   2   1   2   4
   3   0   1   2
   3   1   1   2
   3   1   2   4
   3   2   2   4
   3   2   3   6
   4   0   1   2
   4   1   1   2
   4   1   2   4
   4   2   2   4
   4   2   3   6
   4   3   3   6
   4   3   4   8
   5   0   1   2
   5   1   1   2
   5   1   2   4
   5   2   2   4
   5   2   3   6
   5   3   3   6
   5   3   4   8
   6   0   1   2
   6   1   1   2
   6   1   2   4
   7   0   1   2
 
 103
 'Lr'
 'lawrencium'
   477596.7831    
   2.200000000    
  28
   1   0   1   2
   2   0   1   2
   2   1   1   2
   2   1   2   4
   3   0   1   2
   3   1   1   2
   3   1   2   4
   3   2   2   4
   3   2   3   6
   4   0   1   2
   4   1   1   2
   4   1   2   4
   4   2   2   4
   4   2   3   6
   4   3   3   6
   4   3   4   8
   5   0   1   2
   5   1   1   2
   5   1   2   4
   5   2   2   4
   5   2   3   6
   5   3   3   6
   5   3   4   8
   6   0   1   2
   6   1   1   2
   6   1   2   4
   6   2   2   1
   7   0   1   2
 
 104
 'Rf'
 'rutherfordium'
   475773.8946    
   2.000000000    
  28
   1   0   1   2
   2   0   1   2
   2   1   1   2
   2   1   2   4
   3   0   1   2
   3   1   1   2
   3   1   2   4
   3   2   2   4
   3   2   3   6
   4   0   1   2
   4   1   1   2
   4   1   2   4
   4   2   2   4
   4   2   3   6
   4   3   3   6
   4   3   4   8
   5   0   1   2
   5   1   1   2
   5   1   2   4
   5   2   2   4
   5   2   3   6
   5   3   3   6
   5   3   4   8
   6   0   1   2
   6   1   1   2
   6   1   2   4
   6   2   2   2
   7   0   1   2
 
